-118 4294967178 8a
87 87 57
-111 4294967185 91
-116 4294967180 8c
78 78 4e
-35 4294967261 dd
113 113 71
60 60 3c
-1 4294967295 ff
-55 4294967241 c9
-52 4294967244 cc
-25 4294967271 e7
110 110 6e
-11 4294967285 f5
-108 4294967188 94
94 94 5e
89 89 59
-118 4294967178 8a
-64 4294967232 c0
79 79 4f
102 102 66
112 112 70
119 119 77
60 60 3c
23 23 17
-109 4294967187 93
115 115 73
20 20 14
-71 4294967225 b9
-8 4294967288 f8
4 4 4
54 54 36
-50 4294967246 ce
-56 4294967240 c8
-128 4294967168 80
7 7 7
77 77 4d
30 30 1e
60 60 3c
102 102 66
92 92 5c
8 8 8
68 68 44
17 17 11
-49 4294967247 cf
-117 4294967179 8b
-72 4294967224 b8
-114 4294967182 8e
15 15 f
-35 4294967261 dd
-23 4294967273 e9
48 48 30
110 110 6e
112 112 70
-112 4294967184 90
-107 4294967189 95
85 85 55
109 109 6d
-119 4294967177 89
8 8 8
-75 4294967221 b5
93 93 5d
-35 4294967261 dd
-51 4294967245 cd
80 80 50
-116 4294967180 8c
63 63 3f
15 15 f
-95 4294967201 a1
71 71 47
91 91 5b
-48 4294967248 d0
-86 4294967210 aa
31 31 1f
-112 4294967184 90
21 21 15
76 76 4c
-49 4294967247 cf
94 94 5e
66 66 42
55 55 37
-65 4294967231 bf
83 83 53
125 125 7d
-86 4294967210 aa
40 40 28
2 2 2
-94 4294967202 a2
39 39 27
71 71 47
20 20 14
-31 4294967265 e1
-86 4294967210 aa
-78 4294967218 b2
-17 4294967279 ef
77 77 4d
-113 4294967183 8f
25 25 19
37 37 25
62 62 3e
-101 4294967195 9b
30 30 1e
-70 4294967226 ba
93 93 5d
68 68 44
-84 4294967212 ac
-46 4294967250 d2
-45 4294967251 d3
27 27 1b
3 3 3
87 87 57
-21 4294967275 eb
17 17 11
-89 4294967207 a7
-30 4294967266 e2
126 126 7e
-75 4294967221 b5
80 80 50
-88 4294967208 a8
-38 4294967258 da
-46 4294967250 d2
-89 4294967207 a7
29 29 1d
-62 4294967234 c2
13 13 d
-73 4294967223 b7
82 82 52
-23 4294967273 e9
31 31 1f
-113 4294967183 8f
-39 4294967257 d9
114 114 72
111 111 6f
-37 4294967259 db
40 40 28
-51 4294967245 cd
-38 4294967258 da
20 20 14
16 16 10
-49 4294967247 cf
79 79 4f
-92 4294967204 a4
-25 4294967271 e7
-17 4294967279 ef
36 36 24
52 52 34
49 49 31
84 84 54
-34 4294967262 de
111 111 6f
-115 4294967181 8d
-66 4294967230 be
-105 4294967191 97
14 14 e
119 119 77
77 77 4d
41 41 29
28 28 1c
-41 4294967255 d7
61 61 3d
-106 4294967190 96
9 9 9
-109 4294967187 93
111 111 6f
66 66 42
-17 4294967279 ef
123 123 7b
115 115 73
-7 4294967289 f9
99 99 63
95 95 5f
109 109 6d
50 50 32
49 49 31
87 87 57
-106 4294967190 96
38 38 26
-43 4294967253 d5
58 58 3a
-114 4294967182 8e
-13 4294967283 f3
-35 4294967261 dd
-101 4294967195 9b
53 53 35
-106 4294967190 96
26 26 1a
-22 4294967274 ea
101 101 65
-111 4294967185 91
-87 4294967209 a9
26 26 1a
2 2 2
1 1 1
-28 4294967268 e4
-48 4294967248 d0
108 108 6c
32 32 20
-91 4294967205 a5
70 70 46
-6 4294967290 fa
-39 4294967257 d9
-62 4294967234 c2
36 36 24
-48 4294967248 d0
22 22 16
77 77 4d
-84 4294967212 ac
-122 4294967174 86
-25 4294967271 e7
124 124 7c
71 71 47
-73 4294967223 b7
65 65 41
63 63 3f
-117 4294967179 8b
-40 4294967256 d8
119 119 77
98 98 62
94 94 5e
104 104 68
10 10 a
57 57 39
19 19 13
-99 4294967197 9d
-42 4294967254 d6
78 78 4e
-11 4294967285 f5
48 48 30
-58 4294967238 c6
77 77 4d
-73 4294967223 b7
-113 4294967183 8f
89 89 59
117 117 75
-30 4294967266 e2
-52 4294967244 cc
-19 4294967277 ed
-26 4294967270 e6
116 116 74
24 24 18
-105 4294967191 97
-106 4294967190 96
-57 4294967239 c7
53 53 35
100 100 64
38 38 26
-2 4294967294 fe
-59 4294967237 c5
-113 4294967183 8f
-44 4294967252 d4
52 52 34
9 9 9
-72 4294967224 b8
104 104 68
-30 4294967266 e2
93 93 5d
-42 4294967254 d6
-109 4294967187 93
67 67 43
-100 4294967196 9c
-22 4294967274 ea
-62 4294967234 c2
-64 4294967232 c0
-18 4294967278 ee
-3 4294967293 fd
121 121 79
122 122 7a
-71 4294967225 b9
-44 4294967252 d4
110 110 6e
-111 4294967185 91
108 108 6c
-17 4294967279 ef
70 70 46
98 98 62
-62 4294967234 c2
15 15 f
-59 4294967237 c5
-5 4294967291 fb
-44 4294967252 d4
-73 4294967223 b7
-2 4294967294 fe
-90 4294967206 a6
-83 4294967213 ad
-109 4294967187 93
-14 4294967282 f2
-75 4294967221 b5
-10 4294967286 f6
118 118 76
79 79 4f
107 107 6b
118 118 76
92 92 5c
-51 4294967245 cd
68 68 44
121 121 79
-93 4294967203 a3
-45 4294967251 d3
18 18 12
68 68 44
81 81 51
72 72 48
16 16 10
-112 4294967184 90
123 123 7b
-47 4294967249 d1
-6 4294967290 fa
23 23 17
110 110 6e
110 110 6e
49 49 31
-32 4294967264 e0
86 86 56
0 0 0
-66 4294967230 be
-61 4294967235 c3
-6 4294967290 fa
-100 4294967196 9c
-38 4294967258 da
-112 4294967184 90
-67 4294967229 bd
-20 4294967276 ec
74 74 4a
-44 4294967252 d4
51 51 33
-83 4294967213 ad
122 122 7a
-41 4294967255 d7
55 55 37
112 112 70
-116 4294967180 8c
60 60 3c
32 32 20
-53 4294967243 cb
-29 4294967267 e3
91 91 5b
-104 4294967192 98
-66 4294967230 be
65 65 41
26 26 1a
18 18 12
23 23 17
-57 4294967239 c7
-16 4294967280 f0
5 5 5
53 53 35
-16 4294967280 f0
-78 4294967218 b2
-58 4294967238 c6
-121 4294967175 87
-80 4294967216 b0
25 25 19
-36 4294967260 dc
-104 4294967192 98
-113 4294967183 8f
70 70 46
94 94 5e
-88 4294967208 a8
-18 4294967278 ee
51 51 33
43 43 2b
76 76 4c
-69 4294967227 bb
2 2 2
88 88 58
-33 4294967263 df
-45 4294967251 d3
36 36 24
38 38 26
-45 4294967251 d3
-87 4294967209 a9
-101 4294967195 9b
-108 4294967188 94
-18 4294967278 ee
77 77 4d
-16 4294967280 f0
125 125 7d
106 106 6a
82 82 52
-123 4294967173 85
-51 4294967245 cd
90 90 5a
-20 4294967276 ec
-63 4294967233 c1
37 37 25
90 90 5a
-11 4294967285 f5
105 105 69
-39 4294967257 d9
89 89 59
-68 4294967228 bc
-126 4294967170 82
22 22 16
-33 4294967263 df
91 91 5b
89 89 59
9 9 9
-35 4294967261 dd
96 96 60
-21 4294967275 eb
-115 4294967181 8d
109 109 6d
-82 4294967214 ae
-81 4294967215 af
3 3 3
56 56 38
-71 4294967225 b9
-99 4294967197 9d
-40 4294967256 d8
-88 4294967208 a8
105 105 69
-115 4294967181 8d
-89 4294967207 a7
-60 4294967236 c4
-112 4294967184 90
-34 4294967262 de
69 69 45
-23 4294967273 e9
63 63 3f
87 87 57
29 29 1d
111 111 6f
-125 4294967171 83
-99 4294967197 9d
65 65 41
-68 4294967228 bc
-59 4294967237 c5
-127 4294967169 81
-20 4294967276 ec
70 70 46
-66 4294967230 be
4 4 4
-40 4294967256 d8
-82 4294967214 ae
-3 4294967293 fd
-13 4294967283 f3
51 51 33
-122 4294967174 86
-83 4294967213 ad
-87 4294967209 a9
11 11 b
9 9 9
-11 4294967285 f5
-118 4294967178 8a
-51 4294967245 cd
-9 4294967287 f7
92 92 5c
65 65 41
11 11 b
-71 4294967225 b9
-78 4294967218 b2
26 26 1a
-57 4294967239 c7
-29 4294967267 e3
10 10 a
22 22 16
72 72 48
-102 4294967194 9a
18 18 12
118 118 76
24 24 18
-15 4294967281 f1
-123 4294967173 85
104 104 68
-100 4294967196 9c
-74 4294967222 b6
75 75 4b
-111 4294967185 91
95 95 5f
-12 4294967284 f4
-96 4294967200 a0
85 85 55
54 54 36
-55 4294967241 c9
19 19 13
-70 4294967226 ba
27 27 1b
-10 4294967286 f6
127 127 7f
-26 4294967270 e6
-45 4294967251 d3
13 13 d
97 97 61
15 15 f
117 117 75
30 30 1e
-109 4294967187 93
36 36 24
88 88 58
22 22 16
33 33 21
21 21 15
81 81 51
18 18 12
-58 4294967238 c6
-122 4294967174 86
-39 4294967257 d9
-13 4294967283 f3
24 24 18
-43 4294967253 d5
57 57 39
-78 4294967218 b2
-126 4294967170 82
-33 4294967263 df
105 105 69
56 56 38
44 44 2c
49 49 31
25 25 19
23 23 17
111 111 6f
-24 4294967272 e8
-112 4294967184 90
-111 4294967185 91
33 33 21
38 38 26
-19 4294967277 ed
-86 4294967210 aa
26 26 1a
-75 4294967221 b5
9 9 9
109 109 6d
-107 4294967189 95
-86 4294967210 aa
106 106 6a
53 53 35
-124 4294967172 84
31 31 1f
88 88 58
-90 4294967206 a6
-121 4294967175 87
40 40 28
-39 4294967257 d9
-126 4294967170 82
63 63 3f
8 8 8
-93 4294967203 a3
91 91 5b
45 45 2d
49 49 31
6 6 6
-75 4294967221 b5
-98 4294967198 9e
-68 4294967228 bc
-54 4294967242 ca
23 23 17
-79 4294967217 b1
-89 4294967207 a7
-29 4294967267 e3
30 30 1e
-57 4294967239 c7
-75 4294967221 b5
67 67 43
69 69 45
25 25 19
-37 4294967259 db
-106 4294967190 96
105 105 69
93 93 5d
-61 4294967235 c3
-63 4294967233 c1
-52 4294967244 cc
-99 4294967197 9d
112 112 70
-35 4294967261 dd
-95 4294967201 a1
-115 4294967181 8d
-92 4294967204 a4
-70 4294967226 ba
-80 4294967216 b0
61 61 3d
-65 4294967231 bf
86 86 56
-50 4294967246 ce
37 37 25
115 115 73
-106 4294967190 96
117 117 75
91 91 5b
-38 4294967258 da
60 60 3c
87 87 57
26 26 1a
-110 4294967186 92
-116 4294967180 8c
-9 4294967287 f7
-62 4294967234 c2
-127 4294967169 81
23 23 17
29 29 1d
79 79 4f
-36 4294967260 dc
-32 4294967264 e0
-82 4294967214 ae
102 102 66
-127 4294967169 81
19 19 13
75 75 4b
95 95 5f
-33 4294967263 df
-13 4294967283 f3
31 31 1f
5 5 5
10 10 a
-15 4294967281 f1
22 22 16
-64 4294967232 c0
114 114 72
-103 4294967193 99
-116 4294967180 8c
74 74 4a
-101 4294967195 9b
124 124 7c
-43 4294967253 d5
-35 4294967261 dd
90 90 5a
-95 4294967201 a1
29 29 1d
-68 4294967228 bc
-19 4294967277 ed
-75 4294967221 b5
-26 4294967270 e6
-48 4294967248 d0
96 96 60
-51 4294967245 cd
114 114 72
-39 4294967257 d9
-121 4294967175 87
127 127 7f
-55 4294967241 c9
48 48 30
-106 4294967190 96
104 104 68
-114 4294967182 8e
88 88 58
94 94 5e
117 117 75
50 50 32
75 75 4b
73 73 49
-92 4294967204 a4
-125 4294967171 83
107 107 6b
-32 4294967264 e0
-2 4294967294 fe
-94 4294967202 a2
35 35 23
113 113 71
103 103 67
-17 4294967279 ef
-76 4294967220 b4
-97 4294967199 9f
35 35 23
97 97 61
84 84 54
39 39 27
-128 4294967168 80
61 61 3d
-102 4294967194 9a
6 6 6
62 62 3e
118 118 76
-125 4294967171 83
73 73 49
86 86 56
-7 4294967289 f9
72 72 48
-57 4294967239 c7
-96 4294967200 a0
122 122 7a
58 58 3a
66 66 42
-116 4294967180 8c
-19 4294967277 ed
18 18 12
-58 4294967238 c6
-1 4294967295 ff
21 21 15
-75 4294967221 b5
-104 4294967192 98
-17 4294967279 ef
-61 4294967235 c3
-15 4294967281 f1
-89 4294967207 a7
-125 4294967171 83
-22 4294967274 ea
98 98 62
-102 4294967194 9a
-77 4294967219 b3
-61 4294967235 c3
-72 4294967224 b8
110 110 6e
-29 4294967267 e3
14 14 e
69 69 45
23 23 17
29 29 1d
-35 4294967261 dd
95 95 5f
117 117 75
-79 4294967217 b1
59 59 3b
111 111 6f
-68 4294967228 bc
-2 4294967294 fe
91 91 5b
9 9 9
60 60 3c
42 42 2a
